3.172222	0.011862	44.668153	37.148818	154.264067	3.856049	2.005886	9.000000
0.001137 	0.001147 	0.001148 	0.001148 	0.001152 	0.001152 	0.001151 	0.001146 	0.001151 	
0.272290 	0.268268 	0.299709 	0.292771 	0.294492 	0.306140 	0.330342 	0.349630 	0.357809 	
566.055324 	566.866410 	566.942226 	564.943342 	568.410890 	567.560014 	568.190750 	567.147475 	567.943490 	
40.752922 	40.971309 	40.971178 	40.010742 	41.708963 	41.253136 	41.153136 	41.696986 	41.890502 	
19.611324	21.868402	41.426464	98.397317	126.327157	191.487505	104.282983	43.140234	27.957830	131.836006	187.813659	32.125269	105.391874	269.500698	44.075960	23.440103	27.642553	36.307032	52.338620	136.829659	107.211563	62.934185	41.699756	96.318445	49.447679	46.158171	46.395468	60.083042	72.285417	37.166111	67.195114	30.992875	70.696001	25.382481	25.205448	125.691532	21.787837	27.360084	19.389687	
0.000524 	0.000524 	0.000524 	0.000524 	0.000524 	0.000524 	0.000524 	0.000524 	0.000524 	
0.126701 	0.124458 	0.136416 	0.134207 	0.134286 	0.138318 	0.147327 	0.155538 	0.157372 	
0.000170 	0.000170 	0.000170 	0.000170 	0.000170 	0.000170 	0.000170 	0.000170 	0.000170 	
0.040004 	0.039152 	0.043365 	0.042482 	0.042620 	0.044144 	0.047392 	0.050333 	0.051277 	
