2.841282	0.011826	43.451007	36.171249	148.612107	4.072521	2.363282	10.000000
0.001133 	0.001138 	0.001148 	0.001150 	0.001150 	0.001153 	0.001146 	0.001139 	0.001137 	
0.240161 	0.233755 	0.260383 	0.254506 	0.255084 	0.268548 	0.293462 	0.312825 	0.321788 	
541.696226 	539.815118 	539.144132 	538.969637 	540.028741 	541.999014 	542.498861 	542.022373 	544.298335 	
67.624365 	68.759194 	69.971056 	65.610640 	67.244166 	65.151408 	65.722646 	66.914122 	64.694253 	
18.547868	20.821378	25.002518	101.226289	118.801911	280.104044	128.281535	136.805902	23.529310	161.516379	210.316043	38.782499	106.795310	200.551690	44.040444	23.469325	31.072882	30.006417	40.658123	79.820607	71.868034	33.489447	63.007284	103.642688	48.270536	45.591944	57.440664	37.235531	55.829055	32.798495	50.960688	24.475850	49.034671	24.539488	24.346110	143.202388	20.908386	20.312854	18.525024	
0.000524 	0.000524 	0.000524 	0.000524 	0.000524 	0.000524 	0.000524 	0.000524 	0.000524 	
0.126701 	0.124458 	0.136416 	0.134207 	0.134286 	0.138318 	0.147327 	0.155538 	0.157372 	
0.000170 	0.000170 	0.000170 	0.000170 	0.000170 	0.000170 	0.000170 	0.000170 	0.000170 	
0.040004 	0.039152 	0.043365 	0.042482 	0.042620 	0.044144 	0.047392 	0.050333 	0.051277 	
