2.862578	0.011715	42.728185	35.623127	148.847214	4.002042	2.269033	10.000000
0.001116 	0.001148 	0.001132 	0.001127 	0.001133 	0.001137 	0.001136 	0.001112 	0.001143 	
0.240036 	0.239461 	0.264502 	0.256142 	0.258606 	0.270100 	0.294752 	0.312908 	0.325300 	
539.410146 	547.711091 	543.198427 	540.548118 	543.839311 	541.718354 	542.279798 	539.322184 	547.901578 	
66.176227 	62.140042 	73.756010 	65.041418 	65.365107 	66.124074 	65.265075 	66.741667 	65.059302 	
18.549007	21.047094	44.320078	101.903781	129.489107	262.873383	118.337350	105.224564	25.387340	146.046448	185.798736	38.770764	105.528494	209.244216	42.962120	23.470678	31.427880	31.637591	41.882603	87.969778	80.867134	37.436025	64.574127	94.030677	47.586192	47.088307	59.750449	42.568993	61.146501	34.573784	45.564952	24.892527	52.548987	24.601314	24.405277	142.693590	20.879008	20.405918	18.520906	
0.000524 	0.000524 	0.000524 	0.000524 	0.000524 	0.000524 	0.000524 	0.000524 	0.000524 	
0.126701 	0.124458 	0.136416 	0.134207 	0.134286 	0.138318 	0.147327 	0.155538 	0.157372 	
0.000170 	0.000170 	0.000170 	0.000170 	0.000170 	0.000170 	0.000170 	0.000170 	0.000170 	
0.040004 	0.039152 	0.043365 	0.042482 	0.042620 	0.044144 	0.047392 	0.050333 	0.051277 	
