77  49  28  17  79  63  120  70  123  30  166  128  59  108  
86  56  37  23  91  76  124  81  128  21  189  136  57  111  
83  23  15  9  92  26  236  47  115  84  167  159  100  122  
105  28  14  10  101  25  240  45  113  87  174  167  110  142  
112  35  15  16  119  30  273  63  128  89  204  167  118  158  
81  26  16  14  103  24  207  50  122  87  186  161  113  150  
56  18  16  10  102  23  191  59  138  87  181  167  120  165  
25  9  14  5  97  21  206  58  142  85  173  170  123  172  
24  9  13  5  98  21  177  57  137  81  173  163  120  170  
25  9  13  5  100  22  200  56  135  82  180  161  119  162  
12  5  12  3  112  22  222  61  139  85  183  165  122  163  
2  2  17  1  120  22  264  69  147  89  222  184  127  169  
4  2  17  1  132  25  278  92  150  93  217  198  130  171  
4  3  22  2  147  28  294  118  173  92  238  219  137  189  
3  2  33  1  173  46  307  147  197  100  278  245  143  195  
0  4  49  14  177  47  315  174  226  106  313  254  146  192  
3  14  50  8  177  48  311  168  254  105  331  266  142  191  
2  13  48  6  175  52  302  161  261  104  331  259  135  178  
1  8  54  8  179  54  298  165  264  107  329  259  136  176  
0  15  50  7  179  57  299  172  266  112  337  259  140  178  
0  12  56  22  179  57  292  188  269  114  331  270  143  182  
0  15  61  34  186  78  296  204  276  118  342  279  150  192  
0  7  62  20  179  60  297  192  264  112  343  281  148  194  
0  2  47  6  168  64  292  181  250  108  336  274  144  190  
0  2  48  1  156  71  292  160  229  107  315  260  138  179  
0  4  39  2  151  61  278  130  212  105  299  242  130  167  
0  15  27  4  135  73  243  86  171  102  286  205  121  153  
0  23  24  8  115  52  186  69  152  74  292  169  97  139  
0  22  20  7  91  42  135  52  134  60  282  145  87  132  
0  18  19  6  90  31  137  43  134  10  289  124  50  120  
0  12  13  4  76  23  113  32  115  10  232  107  42  102  
0  2  5  2  73  15  133  26  114  16  227  106  50  117  
