89  34  118  87  261  177  342  262  353  244  143  267  266  303  
152  60  106  62  252  163  332  242  345  222  138  264  252  287  
112  44  100  58  249  154  325  233  337  213  145  251  243  278  
105  42  97  51  246  148  321  226  338  215  149  248  243  276  
110  45  95  35  250  138  322  224  330  225  141  249  247  275  
139  57  93  30  225  134  320  217  317  232  141  245  248  276  
96  40  92  23  219  136  317  212  316  244  139  248  260  295  
163  66  92  33  188  132  314  197  314  248  102  248  259  289  
154  63  89  33  183  135  310  192  311  244  97  251  270  316  
148  62  88  34  169  134  309  189  301  237  92  252  269  316  
147  63  86  35  167  131  309  182  294  229  90  254  266  314  
158  70  89  38  183  131  314  180  297  235  75  261  272  319  
150  67  88  37  191  122  317  176  304  238  79  268  277  323  
159  73  90  41  203  125  322  176  307  244  89  272  280  324  
168  78  92  44  209  125  328  177  306  247  108  278  282  324  
165  79  91  44  211  120  335  176  312  249  120  284  284  323  
160  78  89  43  211  113  342  174  320  250  138  288  288  324  
162  79  89  42  211  110  351  179  326  269  145  293  296  327  
167  83  90  43  213  122  361  181  328  283  158  298  304  331  
173  82  85  40  215  122  370  178  329  296  171  299  308  330  
181  82  85  34  220  121  375  180  331  309  181  301  313  331  
189  83  82  32  218  129  379  177  320  310  185  299  313  333  
181  74  80  23  224  148  380  184  325  320  178  303  320  340  
204  83  82  27  220  178  382  192  329  323  179  306  325  348  
225  91  87  27  219  186  383  207  333  328  180  310  330  353  
240  102  88  32  211  198  383  216  333  324  172  310  330  354  
238  107  87  33  194  197  383  216  318  312  168  306  324  349  
236  117  79  33  208  182  383  210  308  306  173  307  318  338  
236  126  79  39  217  186  383  216  304  300  88  312  321  344  
229  124  79  37  212  187  383  219  309  299  111  315  320  339  
