0  11  23  17  149  76  333  148  306  139  75  269  157  167  
0  10  28  16  144  70  322  135  278  127  56  244  146  157  
0  10  23  16  144  57  318  130  262  121  39  229  138  156  
0  9  22  15  145  53  305  118  253  113  23  223  127  148  
0  8  20  14  138  69  289  104  238  113  18  207  123  140  
0  6  21  13  131  77  283  102  220  104  19  199  116  135  
0  7  22  13  140  77  271  96  233  100  7  198  115  139  
0  7  20  12  136  74  273  95  233  103  6  204  116  139  
0  6  21  12  135  75  277  100  234  98  51  202  114  138  
0  6  21  13  134  77  280  102  234  102  57  196  120  146  
0  6  19  12  137  77  285  101  238  94  73  205  114  145  
0  6  18  13  135  76  298  106  244  94  102  210  118  153  
0  5  21  14  132  70  306  111  246  112  143  225  129  158  
0  5  27  14  135  66  319  126  254  118  165  242  134  161  
0  5  24  14  133  46  327  137  285  128  155  250  144  167  
0  4  29  13  129  38  326  134  308  128  155  268  148  177  
0  4  29  13  137  31  328  144  324  134  150  284  153  180  
0  4  31  14  142  32  334  155  331  137  151  288  155  183  
0  4  31  14  146  35  334  163  329  135  142  288  154  183  
0  5  32  14  145  36  333  172  331  128  133  291  153  188  
0  5  26  14  135  44  336  175  339  126  135  290  150  183  
0  6  26  15  134  40  336  168  331  115  178  289  145  186  
0  3  25  15  140  39  340  169  309  110  187  282  137  175  
0  4  23  16  135  73  340  159  274  108  159  259  128  162  
0  5  20  16  120  51  324  119  241  112  141  232  124  143  
0  4  15  16  102  63  298  86  182  105  116  199  112  122  
0  2  13  17  101  57  269  61  141  108  106  198  113  119  
0  2  13  17  94  51  202  44  112  117  86  199  120  124  
1  9  15  19  97  37  177  44  125  110  110  183  122  140  
1  9  15  19  92  19  189  41  123  102  96  172  112  126  
