259  137  102  139  221  48  318  235  316  196  162  250  206  213  
263  139  102  140  218  40  306  236  312  193  149  236  195  196  
269  138  103  135  214  41  305  230  307  189  141  230  192  196  
278  139  98  130  207  41  309  222  299  187  137  225  189  193  
275  136  88  126  204  38  314  216  295  185  132  219  191  198  
258  129  83  118  193  37  324  203  284  182  128  215  189  202  
268  129  84  114  189  45  328  198  273  176  124  211  186  206  
270  127  84  108  181  59  332  188  263  170  125  209  183  206  
284  122  81  102  179  73  331  179  254  150  120  207  167  195  
299  136  93  107  190  87  336  191  254  124  127  215  149  187  
293  133  101  108  192  95  334  200  255  120  142  222  147  187  
281  122  107  104  193  100  329  214  260  142  151  232  162  194  
267  121  113  103  197  99  320  221  265  165  160  242  176  199  
198  111  113  88  199  92  315  227  270  176  163  250  183  200  
188  107  110  77  197  87  316  222  274  176  167  264  184  199  
204  102  103  49  199  88  323  203  287  176  181  273  187  203  
200  113  95  33  197  89  328  196  289  188  195  277  196  208  
186  111  92  22  201  95  328  190  293  195  208  284  200  205  
181  106  99  43  214  112  319  183  288  197  209  279  197  202  
189  110  99  51  211  121  317  180  281  195  201  274  202  208  
202  104  102  60  209  136  326  192  275  200  216  279  206  213  
220  112  105  76  209  154  334  210  283  193  234  294  206  223  
243  111  110  96  203  171  340  217  282  190  241  300  201  221  
250  102  107  122  191  173  341  212  274  198  246  289  196  196  
248  95  100  110  181  167  343  197  265  188  234  288  186  188  
261  104  98  101  175  172  352  194  253  152  215  289  161  183  
278  111  104  99  178  164  356  184  236  152  190  282  159  181  
298  130  122  96  183  168  363  195  242  146  153  285  162  203  
288  133  113  92  186  181  369  192  245  141  167  290  162  202  
282  138  106  94  194  200  378  201  258  138  194  301  166  210  
